>> cd41=[82.0, 10.0, 34.0, 78.0, 8.0, 21.0, 11.0, 42.0, 58.0, 33.0, 59.0, 41.0, 17.0, 24.0, 12.0, 77.0, 66.0, 7.0, 87.0, 49.0, 16.0, 18.0, 56.0, 15.0, 11.0, 63.0]

cd41 =

  列 1 至 19

    82    10    34    78     8    21    11    42    58    33    59    41    17    24    12    77    66     7    87

  列 20 至 26

    49    16    18    56    15    11    63

>> cd42=[33.0, 95.0, 49.0, 80.0, 7.0, 18.0, 65.0, 80.0, 65.0, 84.0, 49.0, 25.0, 90.0, 40.0, 24.0, 71.0, 10.0]

cd42 =

    33    95    49    80     7    18    65    80    65    84    49    25    90    40    24    71    10

>> cd43=[81.0, 68.0, 61.0, 6.0, 37.0, 28.0, 50.0, 99.0]

cd43 =

    81    68    61     6    37    28    50    99

>> cd44=[69.0, 39.0, 31.0, 81.0, 6.0, 83.0, 71.0, 98.0, 0.0, 34.0, 72.0]

cd44 =

    69    39    31    81     6    83    71    98     0    34    72

>> cd45=[92.0, 25.0, 65.0, 47.0, 81.0, 86.0]

cd45 =

    92    25    65    47    81    86

>> cd4m1=[110.0, 186.0, 117.0, 128.0, 112.0, 135.0, 128.0, 149.0, 196.0, 169.0, 154.0, 117.0, 197.0, 195.0]

cd4m1 =

   110   186   117   128   112   135   128   149   196   169   154   117   197   195

>> cd4m2=[213.0, 166.0, 273.0, 146.0, 152.0, 134.0, 117.0, 241.0, 101.0, 207.0, 180.0, 361.0, 158.0, 122.0, 120.0, 135.0, 238.0, 247.0, 163.0, 189.0, 181.0, 154.0]

cd4m2 =

  列 1 至 19

   213   166   273   146   152   134   117   241   101   207   180   361   158   122   120   135   238   247   163

  列 20 至 22

   189   181   154

>> cd4m3=[189.0, 159.0, 390.0, 160.0, 160.0, 143.0, 205.0, 141.0, 191.0, 175.0, 170.0, 139.0, 244.0, 294.0, 329.0, 230.0, 231.0]

cd4m3 =

   189   159   390   160   160   143   205   141   191   175   170   139   244   294   329   230   231

>> cd4m4=[208.0, 247.0, 238.0, 224.0, 123.0, 164.0, 207.0, 111.0, 112.0, 340.0, 199.0, 110.0, 152.0, 105.0, 211.0, 236.0, 332.0, 314.0, 240.0, 112.0, 283.0]

cd4m4 =

  列 1 至 19

   208   247   238   224   123   164   207   111   112   340   199   110   152   105   211   236   332   314   240

  列 20 至 21

   112   283

>> cd4m5=[141.0, 300.0, 160.0, 158.0, 124.0, 164.0, 136.0, 198.0, 210.0, 213.0, 115.0, 132.0, 152.0, 303.0, 192.0, 208.0, 269.0, 274.0, 140.0, 230.0, 330.0, 326.0, 357.0, 333.0, 233.0, 350.0, 106.0]

cd4m5 =

  列 1 至 19

   141   300   160   158   124   164   136   198   210   213   115   132   152   303   192   208   269   274   140

  列 20 至 27

   230   330   326   357   333   233   350   106

>> hiv1=[5.4, 5.9, 4.2, 4.8, 4.5, 3.9, 4.8, 4.6, 4.3, 4.4, 5.4, 4.8, 5.3, 3.8, 5.8, 4.9, 3.0, 5.0, 5.0, 5.7, 5.1, 5.7, 5.1, 5.4, 4.9, 4.6]

hiv1 =

  列 1 至 11

    5.4000    5.9000    4.2000    4.8000    4.5000    3.9000    4.8000    4.6000    4.3000    4.4000    5.4000

  列 12 至 22

    4.8000    5.3000    3.8000    5.8000    4.9000    3.0000    5.0000    5.0000    5.7000    5.1000    5.7000

  列 23 至 26

    5.1000    5.4000    4.9000    4.6000

>> hiv2=[3.1, 4.5, 4.6, 2.0, 4.7, 2.0, 3.2, 1.8, 2.5, 1.9, 2.9, 5.1, 3.5, 4.7, 6.3, 2.6, 4.7]

hiv2 =

  列 1 至 11

    3.1000    4.5000    4.6000    2.0000    4.7000    2.0000    3.2000    1.8000    2.5000    1.9000    2.9000

  列 12 至 17

    5.1000    3.5000    4.7000    6.3000    2.6000    4.7000

>> hiv3=[2.4, 6.2, 4.7, 4.8, 1.7, 4.4, 4.8, 2.0]

hiv3 =

    2.4000    6.2000    4.7000    4.8000    1.7000    4.4000    4.8000    2.0000

>> hiv4=[2.871875, 5.1, 3.5, 1.7, 4.7, 1.7, 3.2, 1.7, 2.871875, 4.7, 4.6]

hiv4 =

    2.8719    5.1000    3.5000    1.7000    4.7000    1.7000    3.2000    1.7000    2.8719    4.7000    4.6000

>> hiv5=[5.6, 4.0, 3.3, 5.0, 4.8, 2.821428571]

hiv5 =

    5.6000    4.0000    3.3000    5.0000    4.8000    2.8214

>> hivm1=[5.3, 5.0, 5.8, 5.1, 5.0, 4.3, 4.7, 5.4, 3.1, 4.6, 5.1, 4.5, 3.5, 3.1]

hivm1 =

  列 1 至 11

    5.3000    5.0000    5.8000    5.1000    5.0000    4.3000    4.7000    5.4000    3.1000    4.6000    5.1000

  列 12 至 14

    4.5000    3.5000    3.1000

>> hivm2=[3.2, 2.9, 2.7, 3.9, 4.5, 2.9, 2.7, 2.5, 2.6, 3.1, 3.0, 4.0, 3.7, 2.4, 2.2, 3.0, 2.4, 4.7, 4.2, 3.2, 2.0, 2.2, 3.4]

hivm2 =

  列 1 至 11

    3.2000    2.9000    2.7000    3.9000    4.5000    2.9000    2.7000    2.5000    2.6000    3.1000    3.0000

  列 12 至 22

    4.0000    3.7000    2.4000    2.2000    3.0000    2.4000    4.7000    4.2000    3.2000    2.0000    2.2000

  列 23

    3.4000

>> hivm3=[3.7, 2.1, 2.5, 2.6, 2.0, 4.8, 2.4, 1.8, 2.4, 1.9, 3.0625, 3.4, 3.3, 3.4, 2.6, 1.7, 1.9]

hivm3 =

  列 1 至 11

    3.7000    2.1000    2.5000    2.6000    2.0000    4.8000    2.4000    1.8000    2.4000    1.9000    3.0625

  列 12 至 17

    3.4000    3.3000    3.4000    2.6000    1.7000    1.9000

>> hivm4=[5.2, 1.7, 3.5, 1.7, 4.8, 1.7, 2.1, 1.7, 1.7, 3.5, 1.7, 4.1, 2.5, 2.0, 1.7, 1.7, 4.7, 4.9, 1.7, 1.7, 1.7, 3.3, 1.7]

hivm4 =

  列 1 至 11

    5.2000    1.7000    3.5000    1.7000    4.8000    1.7000    2.1000    1.7000    1.7000    3.5000    1.7000

  列 12 至 22

    4.1000    2.5000    2.0000    1.7000    1.7000    4.7000    4.9000    1.7000    1.7000    1.7000    3.3000

  列 23

    1.7000

>> hivm5=[2.3, 4.9, 1.7, 1.7, 1.7, 3.0, 1.7, 1.8, 4.5, 1.7, 1.7, 2.821428571, 2.821428571, 1.7, 1.8, 2.821428571, 1.7, 1.7, 2.821428571, 4.6, 4.3, 2.821428571, 1.9, 1.8, 4.8, 1.7, 1.9, 1.7]

hivm5 =

  列 1 至 11

    2.3000    4.9000    1.7000    1.7000    1.7000    3.0000    1.7000    1.8000    4.5000    1.7000    1.7000

  列 12 至 22

    2.8214    2.8214    1.7000    1.8000    2.8214    1.7000    1.7000    2.8214    4.6000    4.3000    2.8214

  列 23 至 28

    1.9000    1.8000    4.8000    1.7000    1.9000    1.7000

>> [h1,p1,ci1]=ttest(cd41,42.67906976744186,0.05,0)

h1 =

     0


p1 =

    0.4013


ci1 =

   27.6333   48.9052

>> [h2,p2,ci2]=ttest(cd42,48.708955223880594,0.05,0)

h2 =

     0


p2 =

    0.6417


ci2 =

   37.0882   67.0295

>> [h3,p3,ci3]=ttest(cd43,50.786407766990294,0.05,0)

h3 =

     0


p3 =

    0.7877


ci3 =

   28.7022   78.7978

>> [h4,p4,ci4]=ttest(cd44,50.1875,0.05,0)

h4 =

     0


p4 =

    0.7746


ci4 =

   31.1063   75.0755

>> [h5,p5,ci5]=ttest(cd45,42.741379310344826,0.05,0)

h5 =

     0


p5 =

    0.0788


ci5 =

   38.8604   93.1396

>> [hm1,pm1,cim1]=ttest(cd4m1,165.2828947368421,0.05,0)

hm1 =

     0


pm1 =

    0.0998


cim1 =

  130.2599  168.7401

>> [hm2,pm2,cim2]=ttest(cd4m2,190.7258064516129,0.05,0)

hm2 =

     0


pm2 =

    0.5008


cim2 =

  154.4098  209.0448

>> [hm3,pm3,cim3]=ttest(cd4m3,209.24528301886792,0.05,0)

hm3 =

     0


pm3 =

    0.9808


cim3 =

  172.2106  245.4365

>> [hm4,pm4,cim4]=ttest(cd4m4,200.9090909090909,0.05,0)

hm4 =

     0


pm4 =

    0.8890


cim4 =

  168.8548  237.6214

>> [hm5,pm5,cim5]=ttest(cd4m5,211.15081585128203,0.05,0)

hm5 =

     0


pm5 =

    0.7171


cim5 =

  185.0333  248.5963


>> [hh1,ph1,cih1]=ttest(hiv1,5.005773064148836,0.05,0)

hh1 =

     0


ph1 =

    0.2730


cih1 =

    4.5856    5.1298

>> [hh2,ph2,cih2]=ttest(hiv2,3.3942269783134327,0.05,0)

hh2 =

     0


ph2 =

    0.6730


cih2 =

    2.8398    4.2308

>> [hh3,ph3,cih3]=ttest(hiv3,3.2096184240291263,0.05,0)

hh3 =

     0


ph3 =

    0.2849


cih3 =

    2.5161    5.2339

>> [hh4,ph4,cih4]=ttest(hiv4,3.6351982758000005,0.05,0)

hh4 =

     0


ph4 =

    0.4565


cih4 =

    2.4570    4.2055

>> [hh5,ph5,cih5]=ttest(hiv5,3.400198176655172,0.05,0)

hh5 =

     0


ph5 =

    0.1074


cih5 =

    3.1337    5.3734

>> [hhm1,phm1,cihm1]=ttest(hivm1,4.433165847315789,0.05,0)

hhm1 =

     0


phm1 =

    0.4531


cihm1 =

    4.1212    5.0931

>> [hhm2,phm2,cihm2]=ttest(hivm2,3.0211916583894736,0.05,0)

hhm2 =

     0


phm2 =

    0.6019


cihm2 =

    2.7785    3.4302

>> [hhm3,phm3,cihm3]=ttest(hivm3,2.699291387269939,0.05,0)

hhm3 =

     0


phm3 =

    0.9255


cihm3 =

    2.2528    3.1075

>> [hhm4,phm4,cihm4]=ttest(hivm4,2.6572923538086957,0.05,0)

hhm4 =

     0


phm4 =

    0.9848


cihm4 =

    2.0995    3.2049


>> [hhm5,phm5,cihm5]=ttest(hivm5,2.7521908742181815,0.05,0)

hhm5 =

     0


phm5 =

    0.2634


cihm5 =

    2.0876    2.9415

>> 